0.0625
[[664.  19. 150.  12. 110.  31.   0.]
 [417. 457. 339. 140. 133.   6.   0.]
 [136.  32. 560. 106. 177.  36.   0.]
 [255. 337. 410. 312. 239.  60.   0.]
 [210.  66. 124.   6. 514.   9.   0.]
 [ 34.   0.   8.   5.   0. 397.   0.]]
0.125
[[795.   9.  58.  11. 105.   8.   0.]
 [445. 463. 190.  98. 256.  40.   0.]
 [204.   4. 556.  36. 162.  85.   0.]
 [433. 180. 231. 412. 263.  94.   0.]
 [226.  61.  42.  45. 554.   1.   0.]
 [ 27.   8.  15.  15.   5. 374.   0.]]
0.1875
[[682.   9. 137.   6. 106.  32.  14.]
 [544. 377. 323.  29. 112.  18.  89.]
 [430.   9. 480.  10.  67.  11.  40.]
 [280. 194. 441. 345. 245.  72.  36.]
 [206. 128. 104.   4. 468.  17.   2.]
 [ 32.   0.  15.   8.   4. 385.   0.]]
0.25
[[1.970e+02 1.000e+00 3.000e+01 1.000e+00 4.000e+00 1.000e+00 7.520e+02]
 [3.400e+01 1.050e+02 1.000e+00 2.000e+00 1.000e+01 2.000e+00 1.338e+03]
 [6.000e+00 0.000e+00 8.300e+01 1.000e+00 0.000e+00 5.000e+00 9.520e+02]
 [3.200e+01 5.200e+01 2.100e+01 9.100e+01 1.000e+00 1.800e+01 1.398e+03]
 [1.600e+01 3.000e+00 1.500e+01 0.000e+00 2.030e+02 2.000e+00 6.900e+02]
 [1.200e+01 0.000e+00 0.000e+00 0.000e+00 0.000e+00 3.080e+02 1.240e+02]]
