0.2
[[438.   9. 274.   1. 112.  30. 122.]
 [364. 538. 204.  55. 107.   5. 219.]
 [ 93.   1. 565.   3. 102.  14. 269.]
 [303. 181. 347. 161. 160.  76. 385.]
 [119.  70.  99.  13. 579.   4.  45.]
 [ 19.   0.  19.   0.   0. 395.  11.]]
0.2
[[717.  16.  96.   4.  23.   1. 129.]
 [479. 375. 152.  70. 104.  27. 285.]
 [204.  39. 549.   5.  32.  45. 173.]
 [435. 232. 133. 230.  41. 105. 437.]
 [214.  64.  84.   1. 347.   4. 215.]
 [ 19.   0.   2.  11.   8. 367.  37.]]
0.2
[[687.   6.  51.   1.  96.   2. 143.]
 [390. 252. 259.  71. 105.   5. 410.]
 [236.   2. 421.   4.  53.  13. 318.]
 [168. 145. 394. 163.  72.  72. 599.]
 [156.   5. 116.   1. 443.   0. 208.]
 [ 16.   0.   9.   2.   0. 373.  44.]]
