0.0625
[[713.   6. 129.   4.  97.  37.   0.]
 [460. 411. 283. 167. 165.   6.   0.]
 [121.  40. 678.  34. 123.  51.   0.]
 [293. 196. 489. 309. 128. 198.   0.]
 [186.  94. 126.   1. 518.   4.   0.]
 [ 30.   3.  21.   4.   3. 383.   0.]]
0.125
[[673.  60. 173.   5.  56.  19.   0.]
 [371. 562. 372.  98.  69.  20.   0.]
 [278.  10. 631.  44.  30.  54.   0.]
 [372. 207. 434. 458. 122.  20.   0.]
 [165. 104. 145.  13. 466.  36.   0.]
 [ 20.   7.  12.   1.   4. 400.   0.]]
0.1875
[[684.  38.  59.   4. 149.  31.  21.]
 [475. 341. 257.  97. 147.  15. 160.]
 [146.   2. 668.   2.  97.  29. 103.]
 [296. 195. 475. 180. 263.  57. 147.]
 [168.  66.  84.   7. 586.   9.   9.]
 [ 25.   0.  14.   1.  16. 363.  25.]]
0.25
[[17. 0. 2. 0. 13. 0. 954.]
 [16. 70. 2. 0. 7. 9 1388.]
 [0. 0. 93 0. 0. 5. 949.]
 [4. 36. 3. 0. 0. 41. 1529.]
 [34. 0. 0. 0. 108. 5. 782.]
 [1. 0. 0. 0. 0. 303. 140.]]
