0.2
[[9.22e+02 2.61e+02 4.99e+02 1.10e+01 9.60e+01 4.60e+01 2.00e+00]
 [4.00e+02 7.36e+02 4.18e+02 1.81e+02 7.40e+01 5.00e+00 1.00e+00]
 [2.19e+02 1.97e+02 1.33e+03 1.60e+02 8.40e+01 3.10e+01 2.00e+00]
 [2.20e+02 2.82e+02 6.68e+02 5.87e+02 1.76e+02 2.00e+00 1.00e+00]
 [3.95e+02 2.51e+02 8.40e+02 1.32e+02 2.69e+02 1.00e+00 9.10e+01]
 [1.20e+01 3.00e+00 8.00e+00 4.00e+00 6.00e+00 1.76e+02 0.00e+00]]
0.3
[[0.000e+00 0.000e+00 8.200e+01 0.000e+00 1.000e+00 3.000e+00 1.751e+03]
 [0.000e+00 0.000e+00 1.400e+01 0.000e+00 1.600e+01 5.000e+00 1.780e+03]
 [4.800e+01 0.000e+00 1.690e+02 0.000e+00 0.000e+00 2.900e+01 1.777e+03]
 [0.000e+00 0.000e+00 9.000e+00 4.700e+01 1.700e+01 0.000e+00 1.863e+03]
 [2.900e+01 0.000e+00 0.000e+00 0.000e+00 2.200e+01 2.000e+00 1.926e+03]
 [0.000e+00 0.000e+00 1.000e+00 0.000e+00 0.000e+00 1.740e+02 3.400e+01]]
0.2
[[ 318.   89. 1015.   52.  121.   37.  205.]
 [ 179.  276.  776.  273.  140.   57.  114.]
 [  50.   51. 1411.  127.   97.   92.  195.]
 [ 175.  295.  804.  522.   50.    9.   81.]
 [ 165.  216. 1058.  191.  169.   53.  127.]
 [   4.    2.   28.    3.    3.  153.   16.]]
0.2
[[ 92.  34. 668. 186.   1. 308. 548.]
 [ 13. 179. 445. 258.  13. 513. 394.]
 [  0.  56. 621. 199.   0. 314. 833.]
 [135.  83. 620. 295. 102. 158. 543.]
 [ 29.   2. 679.  82. 180. 410. 597.]
 [  0.   0.  11.   7.   1. 151.  39.]]
0.2
[[ 712.  354.  296.   17.  460.    4.   99.]
 [ 295.  868.  245.   34.  213.   27.   49.]
 [ 170.  345.  808.   95.  350.    7.  101.]
 [   5.  367.  289.  484.  299.    6.   53.]
 [ 181.  354.  482.   82. 1128.    4.   31.]
 [   0.    8.    5.    0.    9.  205.    0.]]
0.2
[[ 727.  209.   76.  211.  124.    4.   73.]
 [  79. 1011.   14.  169.    9.    6.   56.]
 [ 198.  109.  604.  169.   61.   26.  111.]
 [ 228.  269.   42.  645.   15.   13.  180.]
 [ 216.  390.   84.  227.  926.   26.  188.]
 [   4.   17.    6.    2.    8.  307.    4.]]
