0.0625
[[713.   6. 129.   4.  97.  37.   0.]
 [460. 411. 283. 167. 165.   6.   0.]
 [121.  40. 678.  34. 123.  51.   0.]
 [293. 196. 489. 309. 128. 198.   0.]
 [186.  94. 126.   1. 518.   4.   0.]
 [ 30.   3.  21.   4.   3. 383.   0.]]
0.125
[[673.  60. 173.   5.  56.  19.   0.]
 [371. 562. 372.  98.  69.  20.   0.]
 [278.  10. 631.  44.  30.  54.   0.]
 [372. 207. 434. 458. 122.  20.   0.]
 [165. 104. 145.  13. 466.  36.   0.]
 [ 20.   7.  12.   1.   4. 400.   0.]]
0.1875
[[684.  38.  59.   4. 149.  31.  21.]
 [475. 341. 257.  97. 147.  15. 160.]
 [146.   2. 668.   2.  97.  29. 103.]
 [296. 195. 475. 180. 263.  57. 147.]
 [168.  66.  84.   7. 586.   9.   9.]
 [ 25.   0.  14.   1.  16. 363.  25.]]
0.25
[[1.700e+01 0.000e+00 2.000e+00 0.000e+00 1.300e+01 0.000e+00 9.540e+02]
 [1.600e+01 7.000e+01 2.000e+00 0.000e+00 7.000e+00 9.000e+00 1.388e+03]
 [0.000e+00 0.000e+00 9.300e+01 0.000e+00 0.000e+00 5.000e+00 9.490e+02]
 [4.000e+00 3.600e+01 3.000e+00 0.000e+00 0.000e+00 4.100e+01 1.529e+03]
 [3.400e+01 0.000e+00 0.000e+00 0.000e+00 1.080e+02 5.000e+00 7.820e+02]
 [1.000e+00 0.000e+00 0.000e+00 0.000e+00 0.000e+00 3.030e+02 1.400e+02]]
