0.0625
[[7.130e+02 1.170e+02 8.290e+02 1.350e+02 3.600e+01 7.000e+00 0.000e+00]
 [3.560e+02 6.010e+02 5.030e+02 1.880e+02 1.560e+02 1.100e+01 0.000e+00]
 [1.780e+02 5.400e+01 1.259e+03 3.210e+02 1.820e+02 2.900e+01 0.000e+00]
 [1.260e+02 2.570e+02 7.120e+02 7.790e+02 6.100e+01 1.000e+00 0.000e+00]
 [3.130e+02 3.350e+02 8.910e+02 1.120e+02 3.270e+02 1.000e+00 0.000e+00]
 [7.000e+00 3.000e+00 1.300e+01 4.000e+00 5.000e+00 1.770e+02 0.000e+00]]
0.125
[[ 928.  149.  592.  135.   29.    4.    0.]
 [ 306.  584.  588.  223.  108.    6.    0.]
 [ 250.  118. 1148.  271.  207.   29.    0.]
 [ 175.  188.  968.  442.  159.    4.    0.]
 [ 350.  359.  815.  210.  241.    4.    0.]
 [  17.    3.   10.    2.    2.  175.    0.]]
0.1875
[[7.090e+02 2.970e+02 7.240e+02 7.300e+01 1.300e+01 2.100e+01 0.000e+00]
 [2.960e+02 7.230e+02 4.070e+02 2.580e+02 1.060e+02 9.000e+00 1.600e+01]
 [4.090e+02 1.200e+02 1.127e+03 2.870e+02 5.100e+01 2.900e+01 0.000e+00]
 [1.940e+02 2.270e+02 6.620e+02 6.030e+02 2.450e+02 5.000e+00 0.000e+00]
 [2.730e+02 3.730e+02 8.190e+02 2.380e+02 2.750e+02 1.000e+00 0.000e+00]
 [1.000e+01 4.000e+00 9.000e+00 7.000e+00 3.000e+00 1.760e+02 0.000e+00]]
0.25
[[1.510e+02 7.000e+01 2.670e+02 0.000e+00 0.000e+00 4.000e+00 1.345e+03]
 [1.800e+01 1.850e+02 6.700e+01 4.600e+01 0.000e+00 6.000e+00 1.493e+03]
 [1.160e+02 9.000e+01 5.720e+02 4.000e+01 0.000e+00 2.900e+01 1.176e+03]
 [7.500e+01 5.200e+01 7.300e+01 1.880e+02 0.000e+00 2.000e+00 1.546e+03]
 [8.700e+01 1.520e+02 2.000e+02 5.000e+00 0.000e+00 2.000e+00 1.533e+03]
 [2.000e+00 1.000e+00 1.000e+01 0.000e+00 0.000e+00 1.690e+02 2.700e+01]]
